$ANSIBLE_VAULT;1.1;AES256
30303864613531383837656632373062373839663866653363353066333964323034666636366263
3633333465386437343439393533383765376661313134390a373633383533323838363434396137
35643232316463343062653039326335373062303834313732653836633966653137656130323332
3466383438653138630a363135626130313332356530636135633033643366323566356562306539
61373166366430643435346439323337393138316233616162326339383230363831343565343232
31633236626561356633613938376330383636373337323464626263316361393862333636313762
39643266343430656534386536326666326233393766323637616662633261336535363162313338
62623737646639343232313166623862626162633263316635376365383863363536303437623537
64376163353261356532626364643163333364636161663934343562373936343834373637623263
38643931643465313939643661303832616265393361396566356466346464626132326139363465
38633735303430613263396237323737653862336438616163373036623735323239373835373035
63396563323235346464383438333135326330386433383736363763353434373364616432373433
31633439373061373535646235356162303139353031633166376366303832626432396331656636
39333562363062643462383038613263643930663731616366653139616538633164393565333635
65643431383733663065383030353831653266376663373061666530653238376262306531366634
39313761646236656165323463633639363335346234396265303238356532653837376539306532
31323264353863366236313439643765623262616636383631306565366231633530353462386332
39633536663334386363663739636236343739306131396531616635646561336638313266656665
643963646365626565373835656433623634
